.bounce {
    display: inline-block;
    position: relative;
    -moz-animation: bounce 1s infinite linear;
    -o-animation: bounce 1s infinite linear;
    -webkit-animation: bounce 1s infinite linear;
    animation: bounce 1s infinite linear;
  }
  @-webkit-keyframes bounce {
      0% { top: 0; }
      50% { top: -0.2em; }
      70% { top: -0.3em; }
      100% { top: 0; }
  }
  @-moz-keyframes bounce {
      0% { top: 0; }
      50% { top: -0.2em; }
      70% { top: -0.3em; }
      100% { top: 0; }
  }
  @-o-keyframes bounce {
      0% { top: 0; }
      50% { top: -0.2em; }
      70% { top: -0.3em; }
      100% { top: 0; }
  }
  @-ms-keyframes bounce {
      0% { top: 0; }
      50% { top: -0.2em; }
      70% { top: -0.3em; }
      100% { top: 0; }
  }
  @keyframes bounce {
      0% { top: 0; }
      50% { top: -0.2em; }
      70% { top: -0.3em; }
      100% { top: 0; }
  }
  .bounce2 {
    display: inline-block;
    position: relative;
    -moz-animation: bounce 2s infinite linear;
    -o-animation: bounce 2s infinite linear;
    -webkit-animation: bounce 2s infinite linear;
    animation: bounce 2s infinite linear;
  }
  @-webkit-keyframes bounce {
      0% { top: 0; }
      50% { top: -0.2em; }
      70% { top: -0.3em; }
      100% { top: 0; }
  }
  @-moz-keyframes bounce {
      0% { top: 0; }
      50% { top: -0.2em; }
      70% { top: -0.3em; }
      100% { top: 0; }
  }
  @-o-keyframes bounce {
      0% { top: 0; }
      50% { top: -0.2em; }
      70% { top: -0.3em; }
      100% { top: 0; }
  }
  @-ms-keyframes bounce {
      0% { top: 0; }
      50% { top: -0.2em; }
      70% { top: -0.3em; }
      100% { top: 0; }
  }
  @keyframes bounce {
      0% { top: 0; }
      50% { top: -0.2em; }
      70% { top: -0.3em; }
      100% { top: 0; }
  }






  

.animation-icons {
    -webkit-animation: animation 5100ms linear infinite both;
    animation: animation 5100ms linear infinite both;
  }
  
  
  @-webkit-keyframes animation { 
    0% { -webkit-transform: matrix3d(1, 0, 0, 0, 0, 1, 0, 0, 0, 0, 1, 0, 0, 0, 0, 1); transform: matrix3d(1, 0, 0, 0, 0, 1, 0, 0, 0, 0, 1, 0, 0, 0, 0, 1); }
    1.86% { -webkit-transform: matrix3d(1, 0, 0, 0, 0, 1, 0, 0, 0, 0, 1, 0, 0, 0, 0, 1); transform: matrix3d(1, 0, 0, 0, 0, 1, 0, 0, 0, 0, 1, 0, 0, 0, 0, 1); }
    1.96% { -webkit-transform: matrix3d(1, 0, 0, 0, 0, 1, 0, 0, 0, 0, 1, 0, 0, 0, 0, 1); transform: matrix3d(1, 0, 0, 0, 0, 1, 0, 0, 0, 0, 1, 0, 0, 0, 0, 1); }
    5.3% { -webkit-transform: matrix3d(-0.868, 0.497, 0, 0, -0.497, -0.868, 0, 0, 0, 0, 1, 0, 0, 0, 0, 1); transform: matrix3d(-0.868, 0.497, 0, 0, -0.497, -0.868, 0, 0, 0, 0, 1, 0, 0, 0, 0, 1); }
    6.57% { -webkit-transform: matrix3d(-0.753, -0.658, 0, 0, 0.658, -0.753, 0, 0, 0, 0, 1, 0, 0, 0, 0, 1); transform: matrix3d(-0.753, -0.658, 0, 0, 0.658, -0.753, 0, 0, 0, 0, 1, 0, 0, 0, 0, 1); }
    8.63% { -webkit-transform: matrix3d(0.861, -0.508, 0, 0, 0.508, 0.861, 0, 0, 0, 0, 1, 0, 0, 0, 0, 1); transform: matrix3d(0.861, -0.508, 0, 0, 0.508, 0.861, 0, 0, 0, 0, 1, 0, 0, 0, 0, 1); }
    11.19% { -webkit-transform: matrix3d(0.326, 0.946, 0, 0, -0.946, 0.326, 0, 0, 0, 0, 1, 0, 0, 0, 0, 1); transform: matrix3d(0.326, 0.946, 0, 0, -0.946, 0.326, 0, 0, 0, 0, 1, 0, 0, 0, 0, 1); }
    11.97% { -webkit-transform: matrix3d(-0.044, 0.999, 0, 0, -0.999, -0.044, 0, 0, 0, 0, 1, 0, 0, 0, 0, 1); transform: matrix3d(-0.044, 0.999, 0, 0, -0.999, -0.044, 0, 0, 0, 0, 1, 0, 0, 0, 0, 1); }
    15.31% { -webkit-transform: matrix3d(-0.665, 0.747, 0, 0, -0.747, -0.665, 0, 0, 0, 0, 1, 0, 0, 0, 0, 1); transform: matrix3d(-0.665, 0.747, 0, 0, -0.747, -0.665, 0, 0, 0, 0, 1, 0, 0, 0, 0, 1); }
    15.8% { -webkit-transform: matrix3d(-0.656, 0.755, 0, 0, -0.755, -0.656, 0, 0, 0, 0, 1, 0, 0, 0, 0, 1); transform: matrix3d(-0.656, 0.755, 0, 0, -0.755, -0.656, 0, 0, 0, 0, 1, 0, 0, 0, 0, 1); }
    19.13% { -webkit-transform: matrix3d(-0.128, 0.992, 0, 0, -0.992, -0.128, 0, 0, 0, 0, 1, 0, 0, 0, 0, 1); transform: matrix3d(-0.128, 0.992, 0, 0, -0.992, -0.128, 0, 0, 0, 0, 1, 0, 0, 0, 0, 1); }
    20.31% { -webkit-transform: matrix3d(0.206, 0.979, 0, 0, -0.979, 0.206, 0, 0, 0, 0, 1, 0, 0, 0, 0, 1); transform: matrix3d(0.206, 0.979, 0, 0, -0.979, 0.206, 0, 0, 0, 0, 1, 0, 0, 0, 0, 1); }
    22.86% { -webkit-transform: matrix3d(0.823, 0.568, 0, 0, -0.568, 0.823, 0, 0, 0, 0, 1, 0, 0, 0, 0, 1); transform: matrix3d(0.823, 0.568, 0, 0, -0.568, 0.823, 0, 0, 0, 0, 1, 0, 0, 0, 0, 1); }
    25.81% { -webkit-transform: matrix3d(0.995, -0.098, 0, 0, 0.098, 0.995, 0, 0, 0, 0, 1, 0, 0, 0, 0, 1); transform: matrix3d(0.995, -0.098, 0, 0, 0.098, 0.995, 0, 0, 0, 0, 1, 0, 0, 0, 0, 1); }
    26.69% { -webkit-transform: matrix3d(0.97, -0.243, 0, 0, 0.243, 0.97, 0, 0, 0, 0, 1, 0, 0, 0, 0, 1); transform: matrix3d(0.97, -0.243, 0, 0, 0.243, 0.97, 0, 0, 0, 0, 1, 0, 0, 0, 0, 1); }
    30.42% { -webkit-transform: matrix3d(0.874, -0.486, 0, 0, 0.486, 0.874, 0, 0, 0, 0, 1, 0, 0, 0, 0, 1); transform: matrix3d(0.874, -0.486, 0, 0, 0.486, 0.874, 0, 0, 0, 0, 1, 0, 0, 0, 0, 1); }
    31.3% { -webkit-transform: matrix3d(0.88, -0.475, 0, 0, 0.475, 0.88, 0, 0, 0, 0, 1, 0, 0, 0, 0, 1); transform: matrix3d(0.88, -0.475, 0, 0, 0.475, 0.88, 0, 0, 0, 0, 1, 0, 0, 0, 0, 1); }
    36.8% { -webkit-transform: matrix3d(0.996, -0.086, 0, 0, 0.086, 0.996, 0, 0, 0, 0, 1, 0, 0, 0, 0, 1); transform: matrix3d(0.996, -0.086, 0, 0, 0.086, 0.996, 0, 0, 0, 0, 1, 0, 0, 0, 0, 1); }
    37.98% { -webkit-transform: matrix3d(1, 0.021, 0, 0, -0.021, 1, 0, 0, 0, 0, 1, 0, 0, 0, 0, 1); transform: matrix3d(1, 0.021, 0, 0, -0.021, 1, 0, 0, 0, 0, 1, 0, 0, 0, 0, 1); }
    42.2% { -webkit-transform: matrix3d(0.955, 0.296, 0, 0, -0.296, 0.955, 0, 0, 0, 0, 1, 0, 0, 0, 0, 1); transform: matrix3d(0.955, 0.296, 0, 0, -0.296, 0.955, 0, 0, 0, 0, 1, 0, 0, 0, 0, 1); }
    45.53% { -webkit-transform: matrix3d(0.935, 0.356, 0, 0, -0.356, 0.935, 0, 0, 0, 0, 1, 0, 0, 0, 0, 1); transform: matrix3d(0.935, 0.356, 0, 0, -0.356, 0.935, 0, 0, 0, 0, 1, 0, 0, 0, 0, 1); }
    53.09% { -webkit-transform: matrix3d(0.98, 0.197, 0, 0, -0.197, 0.98, 0, 0, 0, 0, 1, 0, 0, 0, 0, 1); transform: matrix3d(0.98, 0.197, 0, 0, -0.197, 0.98, 0, 0, 0, 0, 1, 0, 0, 0, 0, 1); }
    60.65% { -webkit-transform: matrix3d(0.996, 0.093, 0, 0, -0.093, 0.996, 0, 0, 0, 0, 1, 0, 0, 0, 0, 1); transform: matrix3d(0.996, 0.093, 0, 0, -0.093, 0.996, 0, 0, 0, 0, 1, 0, 0, 0, 0, 1); }
    63.98% { -webkit-transform: matrix3d(0.994, 0.108, 0, 0, -0.108, 0.994, 0, 0, 0, 0, 1, 0, 0, 0, 0, 1); transform: matrix3d(0.994, 0.108, 0, 0, -0.108, 0.994, 0, 0, 0, 0, 1, 0, 0, 0, 0, 1); }
    75.76% { -webkit-transform: matrix3d(0.984, 0.176, 0, 0, -0.176, 0.984, 0, 0, 0, 0, 1, 0, 0, 0, 0, 1); transform: matrix3d(0.984, 0.176, 0, 0, -0.176, 0.984, 0, 0, 0, 0, 1, 0, 0, 0, 0, 1); }
    85.77% { -webkit-transform: matrix3d(0.988, 0.155, 0, 0, -0.155, 0.988, 0, 0, 0, 0, 1, 0, 0, 0, 0, 1); transform: matrix3d(0.988, 0.155, 0, 0, -0.155, 0.988, 0, 0, 0, 0, 1, 0, 0, 0, 0, 1); }
    90.87% { -webkit-transform: matrix3d(0.989, 0.15, 0, 0, -0.15, 0.989, 0, 0, 0, 0, 1, 0, 0, 0, 0, 1); transform: matrix3d(0.989, 0.15, 0, 0, -0.15, 0.989, 0, 0, 0, 0, 1, 0, 0, 0, 0, 1); }
    100% { -webkit-transform: matrix3d(0.988, 0.156, 0, 0, -0.156, 0.988, 0, 0, 0, 0, 1, 0, 0, 0, 0, 1); transform: matrix3d(0.988, 0.156, 0, 0, -0.156, 0.988, 0, 0, 0, 0, 1, 0, 0, 0, 0, 1); } 
  }
  
  @keyframes animation { 
    0% { -webkit-transform: matrix3d(1, 0, 0, 0, 0, 1, 0, 0, 0, 0, 1, 0, 0, 0, 0, 1); transform: matrix3d(1, 0, 0, 0, 0, 1, 0, 0, 0, 0, 1, 0, 0, 0, 0, 1); }
    1.86% { -webkit-transform: matrix3d(1, 0, 0, 0, 0, 1, 0, 0, 0, 0, 1, 0, 0, 0, 0, 1); transform: matrix3d(1, 0, 0, 0, 0, 1, 0, 0, 0, 0, 1, 0, 0, 0, 0, 1); }
    1.96% { -webkit-transform: matrix3d(1, 0, 0, 0, 0, 1, 0, 0, 0, 0, 1, 0, 0, 0, 0, 1); transform: matrix3d(1, 0, 0, 0, 0, 1, 0, 0, 0, 0, 1, 0, 0, 0, 0, 1); }
    5.3% { -webkit-transform: matrix3d(-0.868, 0.497, 0, 0, -0.497, -0.868, 0, 0, 0, 0, 1, 0, 0, 0, 0, 1); transform: matrix3d(-0.868, 0.497, 0, 0, -0.497, -0.868, 0, 0, 0, 0, 1, 0, 0, 0, 0, 1); }
    6.57% { -webkit-transform: matrix3d(-0.753, -0.658, 0, 0, 0.658, -0.753, 0, 0, 0, 0, 1, 0, 0, 0, 0, 1); transform: matrix3d(-0.753, -0.658, 0, 0, 0.658, -0.753, 0, 0, 0, 0, 1, 0, 0, 0, 0, 1); }
    8.63% { -webkit-transform: matrix3d(0.861, -0.508, 0, 0, 0.508, 0.861, 0, 0, 0, 0, 1, 0, 0, 0, 0, 1); transform: matrix3d(0.861, -0.508, 0, 0, 0.508, 0.861, 0, 0, 0, 0, 1, 0, 0, 0, 0, 1); }
    11.19% { -webkit-transform: matrix3d(0.326, 0.946, 0, 0, -0.946, 0.326, 0, 0, 0, 0, 1, 0, 0, 0, 0, 1); transform: matrix3d(0.326, 0.946, 0, 0, -0.946, 0.326, 0, 0, 0, 0, 1, 0, 0, 0, 0, 1); }
    11.97% { -webkit-transform: matrix3d(-0.044, 0.999, 0, 0, -0.999, -0.044, 0, 0, 0, 0, 1, 0, 0, 0, 0, 1); transform: matrix3d(-0.044, 0.999, 0, 0, -0.999, -0.044, 0, 0, 0, 0, 1, 0, 0, 0, 0, 1); }
    15.31% { -webkit-transform: matrix3d(-0.665, 0.747, 0, 0, -0.747, -0.665, 0, 0, 0, 0, 1, 0, 0, 0, 0, 1); transform: matrix3d(-0.665, 0.747, 0, 0, -0.747, -0.665, 0, 0, 0, 0, 1, 0, 0, 0, 0, 1); }
    15.8% { -webkit-transform: matrix3d(-0.656, 0.755, 0, 0, -0.755, -0.656, 0, 0, 0, 0, 1, 0, 0, 0, 0, 1); transform: matrix3d(-0.656, 0.755, 0, 0, -0.755, -0.656, 0, 0, 0, 0, 1, 0, 0, 0, 0, 1); }
    19.13% { -webkit-transform: matrix3d(-0.128, 0.992, 0, 0, -0.992, -0.128, 0, 0, 0, 0, 1, 0, 0, 0, 0, 1); transform: matrix3d(-0.128, 0.992, 0, 0, -0.992, -0.128, 0, 0, 0, 0, 1, 0, 0, 0, 0, 1); }
    20.31% { -webkit-transform: matrix3d(0.206, 0.979, 0, 0, -0.979, 0.206, 0, 0, 0, 0, 1, 0, 0, 0, 0, 1); transform: matrix3d(0.206, 0.979, 0, 0, -0.979, 0.206, 0, 0, 0, 0, 1, 0, 0, 0, 0, 1); }
    22.86% { -webkit-transform: matrix3d(0.823, 0.568, 0, 0, -0.568, 0.823, 0, 0, 0, 0, 1, 0, 0, 0, 0, 1); transform: matrix3d(0.823, 0.568, 0, 0, -0.568, 0.823, 0, 0, 0, 0, 1, 0, 0, 0, 0, 1); }
    25.81% { -webkit-transform: matrix3d(0.995, -0.098, 0, 0, 0.098, 0.995, 0, 0, 0, 0, 1, 0, 0, 0, 0, 1); transform: matrix3d(0.995, -0.098, 0, 0, 0.098, 0.995, 0, 0, 0, 0, 1, 0, 0, 0, 0, 1); }
    26.69% { -webkit-transform: matrix3d(0.97, -0.243, 0, 0, 0.243, 0.97, 0, 0, 0, 0, 1, 0, 0, 0, 0, 1); transform: matrix3d(0.97, -0.243, 0, 0, 0.243, 0.97, 0, 0, 0, 0, 1, 0, 0, 0, 0, 1); }
    30.42% { -webkit-transform: matrix3d(0.874, -0.486, 0, 0, 0.486, 0.874, 0, 0, 0, 0, 1, 0, 0, 0, 0, 1); transform: matrix3d(0.874, -0.486, 0, 0, 0.486, 0.874, 0, 0, 0, 0, 1, 0, 0, 0, 0, 1); }
    31.3% { -webkit-transform: matrix3d(0.88, -0.475, 0, 0, 0.475, 0.88, 0, 0, 0, 0, 1, 0, 0, 0, 0, 1); transform: matrix3d(0.88, -0.475, 0, 0, 0.475, 0.88, 0, 0, 0, 0, 1, 0, 0, 0, 0, 1); }
    36.8% { -webkit-transform: matrix3d(0.996, -0.086, 0, 0, 0.086, 0.996, 0, 0, 0, 0, 1, 0, 0, 0, 0, 1); transform: matrix3d(0.996, -0.086, 0, 0, 0.086, 0.996, 0, 0, 0, 0, 1, 0, 0, 0, 0, 1); }
    37.98% { -webkit-transform: matrix3d(1, 0.021, 0, 0, -0.021, 1, 0, 0, 0, 0, 1, 0, 0, 0, 0, 1); transform: matrix3d(1, 0.021, 0, 0, -0.021, 1, 0, 0, 0, 0, 1, 0, 0, 0, 0, 1); }
    42.2% { -webkit-transform: matrix3d(0.955, 0.296, 0, 0, -0.296, 0.955, 0, 0, 0, 0, 1, 0, 0, 0, 0, 1); transform: matrix3d(0.955, 0.296, 0, 0, -0.296, 0.955, 0, 0, 0, 0, 1, 0, 0, 0, 0, 1); }
    45.53% { -webkit-transform: matrix3d(0.935, 0.356, 0, 0, -0.356, 0.935, 0, 0, 0, 0, 1, 0, 0, 0, 0, 1); transform: matrix3d(0.935, 0.356, 0, 0, -0.356, 0.935, 0, 0, 0, 0, 1, 0, 0, 0, 0, 1); }
    53.09% { -webkit-transform: matrix3d(0.98, 0.197, 0, 0, -0.197, 0.98, 0, 0, 0, 0, 1, 0, 0, 0, 0, 1); transform: matrix3d(0.98, 0.197, 0, 0, -0.197, 0.98, 0, 0, 0, 0, 1, 0, 0, 0, 0, 1); }
    60.65% { -webkit-transform: matrix3d(0.996, 0.093, 0, 0, -0.093, 0.996, 0, 0, 0, 0, 1, 0, 0, 0, 0, 1); transform: matrix3d(0.996, 0.093, 0, 0, -0.093, 0.996, 0, 0, 0, 0, 1, 0, 0, 0, 0, 1); }
    63.98% { -webkit-transform: matrix3d(0.994, 0.108, 0, 0, -0.108, 0.994, 0, 0, 0, 0, 1, 0, 0, 0, 0, 1); transform: matrix3d(0.994, 0.108, 0, 0, -0.108, 0.994, 0, 0, 0, 0, 1, 0, 0, 0, 0, 1); }
    75.76% { -webkit-transform: matrix3d(0.984, 0.176, 0, 0, -0.176, 0.984, 0, 0, 0, 0, 1, 0, 0, 0, 0, 1); transform: matrix3d(0.984, 0.176, 0, 0, -0.176, 0.984, 0, 0, 0, 0, 1, 0, 0, 0, 0, 1); }
    85.77% { -webkit-transform: matrix3d(0.988, 0.155, 0, 0, -0.155, 0.988, 0, 0, 0, 0, 1, 0, 0, 0, 0, 1); transform: matrix3d(0.988, 0.155, 0, 0, -0.155, 0.988, 0, 0, 0, 0, 1, 0, 0, 0, 0, 1); }
    90.87% { -webkit-transform: matrix3d(0.989, 0.15, 0, 0, -0.15, 0.989, 0, 0, 0, 0, 1, 0, 0, 0, 0, 1); transform: matrix3d(0.989, 0.15, 0, 0, -0.15, 0.989, 0, 0, 0, 0, 1, 0, 0, 0, 0, 1); }
    100% { -webkit-transform: matrix3d(0.988, 0.156, 0, 0, -0.156, 0.988, 0, 0, 0, 0, 1, 0, 0, 0, 0, 1); transform: matrix3d(0.988, 0.156, 0, 0, -0.156, 0.988, 0, 0, 0, 0, 1, 0, 0, 0, 0, 1); } 
  }
  
  